110002101001101000110121101110111211010110111112001001010011001120011201102010102000001000000000010000010200000000100000010001010000100000011010000000001120000000001200100010200001000000000000000000002001020000002000000111110100001201000000010021001110010000000201110000101101101000011010101110010120000002000101101001111101111110001110011120100110111010210010111100110110101000110111111100110101000000000111201001110111111120011010120
000002000000000000100020001100010210000000010112000000000000000120000201002000102020000202220002000022200200002022000000000000200022002000000200020002000022000000200200100010200220210000011000002000002010020000002100000222220200000202000000020022002021020000000000011000100000000000010020100110000220000000000001100002200000210020000010001000000210021000210020000100100010002000200000002200100200001000000020202000000000000000002100000
110001101001101000110111101110111211010110111111001001010011001120011201102010102010001101110001010011110100001011100000010001110011101010011110010001001011000100101100100010100110110000010000001000002010020000002100000111110100000201000000010121001011010000000101011000101101101000011010101110010120000001000101101001111101110110001110011110100110111010210010111100110010101001110111111100110100001000000111101001110011101010001110000
110012101001101100111121101110111211011111111112001101010011011120011201102010102020001202220002010122210210002122100001010001210022102000011210120102101022000000201200100010200220211000010011002010012010021010002100110212220200000202101100020122002021020111100101011000101101101000011010201220010120000001000112201001111111110110001120012110110110111010220010111200211021102001110111111100210100000000000111201001111011101010001110000
110012101001101100111121101110111211011111111112001001010011011120011201102010102020001202220102010122210210002122101001010101211022102000011210120002101022011001201200100010211220221000122111002110012120021011002211001222220210100212000010120222102022120000000101022101211101101000011020201220010220000001000102201002211101210121101120012110100210121010220020111201210020102001210111112211210200000000010121202001111011101020002210000
110012101001101100111121101110111211011111111112001001010011011120011201102010102020001202220002010122210210002122100001010001210022102000011210120102001022000000201200100010200220220000021011002000012020021010002200110222220200000202101100020122002022020111100111012000101101111000111121211221111221111011000112211112211101210120001120112110100210121011221120111200211020102001210111112200211200001000001121212101110011101010102210000
220011202002202100221212202220222122021221222221002102020022012220022202202020202010002101110001020111120110001111200001020002120011201000022120110101102011000000102100200020100110111000010011001011012010021010002100110111110100000201101100010021001011010111100202001000002202202000022010102110020120000002000211102001122212120210002210021220210120212020210010222100121011201001120222221100120100001000000212211102220022202020001120000
110002101001101000110121101110111211010110111112001001010011001120011201102010102020001202220002010022210200002022100000010001210022102000011210020002001022000000201200100010200220210000011000002000002010020000002100000121110100000201000000010121001011010000000101021000201101101000011020101110010220000001000101101002211101210120001110011110100210121010210020111100110010102001210111112210110200001000000121202001110011101020002110000
110002101001101000110121101110111211010110111112001001010011001120011201102010102010001101110001010011110200001011100000010001110011101010011110010001001021000000101200100010200110120000021000001000002020020000002200000121110100000201000000010121001012010000000101022000201101101000011020101110010220000001000101101002211101210120001110011110100210121010210020111100110010102001210111112200110200001000000121202001110011101010002110000
220001101001101000120212201120212212021220212111002002020022002120022201202010102010002101110001020011120100001011200000020002120011201000022120010001102011000100102100100010100110101000000010001010002000020000002000000111110100000201000000010021001010010000000101010000101101101000021010001010010120000001000100001001111111120110001100010110110120112010200010111000010000101000110111111100010100000000000111101001110011101010001010000
220001102002202000120212201120212212020220212111002002020022002120022201202010102010002101110001020011120100001011200000020002120011201000022120010101002011000000102100100010100110110000010000001000002010020000002100110111110100000201101100010121001011010111100101011000101101101000011010101110010120000001000111101001111101110110001110011110100110111010210010111100111010101001110111111100110100001000000111111101110011101010001110000
110011101001101100111111101111111211012111111111001101010011011120011201102010102010001101110001010111110110001111100001010001110011101000011110110001101011000000101100100010100110101000000021001010012000021010002000000000000000000200000000000020000000000011100101000000001101101000011000001000010020000001000110001000011111010100101100010110110010101010200000111000011000100000010111110000010000000000000101000001111011101010000010000
110001102000000000110111101110111211010110111111001001010011001120011201102010102010001101110001010011110100001011100000010001110011101000011110010001001011000100101100100010100110100000000000001000002000020000002000000010000000000200000000000020000000000000000101010000101101101000011010101100010120000002000101101001111101110110001110011120100110111010210010111100110010101000110111111100110100000000000111201001110011101010001010000
110001001001101000010111100010101201010110101001001001010011001020011200102000002010001101110001010011110100001011100000010001110011101000011110010101001011000000101100000000100110110000010000001000002010020000002100110111110100000201101100010121001011010111100010011000100000010000100111110111101121111010000011110111100000100010000010101000000100010001211110000100101010001001100000001100101100000000001010111100000000000010101100000
110000101001101000110101101110111211010110111110001001010011001120011201102010102000001000000000010000010000000000100000010001010000100000011010000000001000000000001000100010000000000000000000000000002000020000002000000111110100000201000000010021001010010000000101000000001101101000011010101110010120000001000101101001111101110110001110011110100110111010210010111100110010101000110111110100110100000000000111101001110011101010000010000
220002202001101000220222202220222222020220222222002002020022002220022202202020202010002101110001020011120200001011200000020002120011201000022120010001002021000000102200200020200110110000010000001000002010020000002100000121110100000201000000010121001011010000000202121000202202202000022020102110020220000002000201102002222202220220002210021220200220222020210020222100120010202001220222222200120200001000000222202002220022202020002120000
110001101001101000110111101110111211010110111111001001010011001120011201102010102010001101110001010011110100001011100000010001110011101010011110010101001111000000101100100010100111110000010000001000002011020000002100110111110100001201101100010121001111010111100111011000101101111000111111111111111121111011000111111111111101110110001110111110100110111011111110111100111010101001110111111100111100001100001111111101110011101010101110010
110001000000000000010111100010101201010110101001001001010011001020011200102000002020001202220102000022210100002022101000000100211022102000001200020002001012011001200100000000111220210000111100002100002110020001002111001212220210100212000010120122102021120000000010011101110000010000100111210221101121111010000002210111100000100011000020102000000100010001221110000201200020001001100000001101201100000000011010101000000000000000101100000
220001202002202000220212202220222122020220222221002002020022002220022202202020202010002101110001020011120100001011200000020002120011201010022120010001002011000000102100200020100110110000010000001001002010020000002100000111110100000201000000010121001011010000000202011000102202202000022010102110020120000002000201102001122202120210002210021220200120212020210010222100120010201001120222221100120100001000000212201002220022202020001120000
000002000000000000000020000000000200000000000001000000000000000020000200002000002000000000000000000000000200000000000000000000000000000000000000000000000020000000000200000000200000010000010000000000002010020000002100000121110100000201000000010121001011010000000100121000200000000000000020100110000220000001000001100002200000201020000010001010000200020000210020000100100110002000200000002200100201000000000020202000000100010110012100110
110000201001101000210101102210121221011110121220001001010011001220011202102020202010001101110001010011110000001011100000010001110011101000011110010001101001000100101000200020000110101000000010001010002010020000002100000111110100000201000000010121001011010000000101011010101101101000011000101110010020000001000101101001011111010100001110011110110010101010210000111100110010100001010111111000110100000000000111200001111011101020001110010
110002101001101000110121101110111211010110111112001001010011001120011201102010102020001202220002010022210200002022100000010001210022102000011210020002001022000000201200100010200220220000022000002000002020020000002200000222220200000202000000020222002022020000000101022000201101101000011020201220010220000001000102201002211101210120001120012110100210121010220020111200210020102001210111112210210200001000000121202001110011101010002210000
220002202002202000220222202220222222020220222222002002020022002220022202202020202020002202220002020022220200002022200000020002220022202000022220020002002022000000202200200020200220220000021000002000002020020000002200000222220200000202000000020222002022020000000202022000202202202000022020202220020220000002000202202002222202220220002220022220200220222020220020222200220020202002220222222210220200001000000222202002220022202020002220000
110001001001101000010111100010101201010110101001001001010011001020011200102000002020001202220002010022210100002022100000010001210022102000011210020002001012000000201100000000100220220000020000002000002020020000002200000202220200000202000000020222002022020000000000012000100000000000010020200220000220000000000002200002200000210020000020002000000210021000220020000200200020002000200000001200200200000000000020202000000000000000001200000
220012101001101100121222201120212212021221212112002102020022012120022201202010102020002202220002020122220210002122200001020002220022202000022220120102002022000000202200100010200220200000000011002000012000021010002000110111110100000201101100010021001010010111100101000000001101101000011010101110010120000001000111101001111101110110001110011110100110111010210010111100111011101001110111111100110100000000000111111101110011101010001110000
220002202002202000220222202220222222020220222222002002020022002220022202202020202020002202220002020022220200002022200000020002220022202000022220020002002022000000202200200020200220220000020000002000002020020000002200000222220200000202000000020222002022020000000202022000202202202000022020202220020220000002000202202002222202220220002220022220200220222020220020222200220020202002220222222200220200000000000222202002220022202020002220000
220002202002202000220222202220222222020220222222002002020022002220022202202020202020002202220002020022220200002022200000020002220022202000022220020002002022000000202200200020200220220000020000002000002020020000002200000222220200000202000000020222002022020000000202022000202202202000022020202220020220000002000202202002222202220220002220022220200220222020220020222200220020202002220222222200220200000000000222202002220022202020002220000
220002202002202000220222202220222222020220222222002002020022002220022202202020202020002202220002020022220200002022200000020002220022202000022220020002002022000000202200200020200220220000020000002000002020020000002200000222220200000202000000020222002022020000000202022000202202202000022020202220020220000002000202202002222202220220002220022220200220222020220020222200220020202002220222222200220200000000000222202002220022202020002220000
110021000000000200012010000001100201012012001001001000000011021020011200102000002010000101110001000211100120001211000002000000100011001000000100210001200011000000100100000000100110102000000022001020022000022020002000000000000000000200000000000020000000000000000000000000000000000000000000000000000020000000000000000000000020000000000000000000020000000000200000000000000000000000000000000000000000000000000000010100002000000000000000000
110001000000000000010111100010101201010110101001001001010011001020011200102000002010001101110101010011110100001011101000010101111011101000011110010001001011011101101100000000111110120000121100001100002120020001002211001222220210100212000010120222102022120000000011022101211101111000111121211221111221111010000102211112201101210121001120112100100210121011221120111201210020102001210111112201211200000000011121202000000000000000102200000
110002100000000000110121101110111211010110111112001001010011001120011201102010102020001202220002010022210200002022100000010001210022102000011210020002001022000000201200100010200220220000022000002000002020020000002200000222220200000202000000020122002022020000000001022000201101101000011020201220010220000000000102201002211101210120001120012100100210121010220020111200210020102001210111112200210200001000000121202001110011101000002210000
220022102002202200122222201120212212022222212112002002020022022120022201202010102020002202220002020222220220002222200002020002220022202000022220220102002022000000202200100010200220210000010022002000022010022020002100110222220200000202101100020122002022020111100201022000201101101000011020201220010220000002000112201002211101210120001120012120100210121010220020111200211021102001210111112200210200001000000121212101111011101020002110000
000000000000000000000000000000000100000000000000000000000000000020000200002000002000000000000000000000000000000000000000000000000000000000000000000000000000000100000000000000000000000000000000000000002000020000002000000010000000000200000000000020000000000000000000010000100000000000000010000000000120000000000000000001100000100010000000000000000100010000200010000000000000000000100000001100000100000000000010101000000000000000001000000
110001201001101000210111102210121221010110121221001001010011001220011202102020202010001101110001010011110100001011100000010001110011101000011110010001001011000100101100200020100110120000021000001000002020020000002200000111110100000201000000010121001012010000000101012000101101101000011010101110010120000001000101101001111101110110001110011110100110111010210010111100110010101001110111111100110100001000000111201001110011101010001110000
110001101001101000110111101110111211010110111111001001010011001120011201102010102010001101110001010011110100001011100000010001110011101000011110010001001011000100101100100010100110110000011000011000002010020000002100000111110100000201000000010121001011010000000101111000101001101000011010101110010120000001000101101001111101110110001110011110100110111010210010111100110010101001110111111110110100001000000111101001110011101010001110000
110001101001101000110111101110111211010110111111001001010011001120011201102010102010001101110001010011110100001011100000010001110011101000011110010001001011000000101100100010100110110000010000001000002010020000002100000111110100000201000000010121001011010000000001001000001001101000011010101110010120000000000101101001111101110110001110011100100110111010210010111100110010101001110111110100110100000000000111101001110010101000001110000
110002101001101000110121101110111211010110111112001001010011001120011201102010102010001101110001010011110200001011100000010001110011101000011110010001001021000000101200100010200110110000010000001000002010020000002100000101110100000201000000010121001011010000000100011000101001101000011000101110010020000001000001101001001101010100001110011110100010101010210000111100110010101001010111110000110100000000000011100000000000000010000110000
110001101001101000110111101110111211010110111111001001010011001120011201102010102020001202220002010022210100002022100000010001210022102000011210020002001012000000201100100010100220220000020000002001002020020000002200000111110100000201000000010221001012010000000101012000101101101000011010101110010120000001000101101001111111110110001110011110110110111010210010111100110010101001110111111100110100000000000111201001111011101010001210000
110002101001101000110121101110111211010110111112001001010011001120011201102010102010001101110001010011110200001011100000010001110011101000011110010001001021000000101200100010200110110000011000001000002010020000002100000121110100000201000000010121001011010000000111011000101101111000111111111111111121111011000101111111111101110110001110111110100110111011211110111100110010101001110111111100111100000000001111201001110011101010001110000
000001000000000000000010000000000200000000000001000000000000000020000200002000002010000101110101000011100100001011001000000100101011001000000100010001000011011101100100000000111110110000111100011100002110020001002111001111110110100211000010110121101011110000000000011101110000000000000010100110000120000000000001100001100000100011000010001000000100010000210010000101100010001001100000001101100100000000010010101000000000000000001100000
220002202002202000220222202220222222020220222222002002020022002220022202202020202020002202220002020022220200002022200000020002220022202000022220020002002022000000202200200020200220220000020000002000002020020000002200000222220200000202000000020222002022020000000202022000202202202000022020202220020220000002000202202002222202220220002220022220200220222020220020222200220020202002220222222200220200000000000222202002220022202020002220000
000001200000000000200010001200020220000000020221000000000000000220000202002020202000000000000000000000000100000000000000000000000000000000000000000000000110000000000100200020100001020000020000000000002021020000002200000111110100001201000000010121001112010000000202122000202202202000022010002010020120000002000200002001122202121210002200020220200120212020200010222000020100201000120222222100020101002000000212201002220122212120012120110
000000000000000000000000000000000200000000000000000000000000000020000200002000002000000000000000000000000000000000000000000000000000000000000000000000000000000000000000000000000000000000000000000000002000020000002000000000000000000200000000000020000000000000000000000000000000000000000000000000000020000000000000000000000000000000000000000000000000000000200000000000000000000000000000000000000000000000000000000000000000000000000000000
000000000000000000000000000000000200000000000000000000000000000020000200002000002010000101110001000011100000001011000000000000100011001000000100010001000001000100100000000000000110100000000000001000002000020000002000000111110100000201000000010021001010010000000000000000000000000000000000100110000020000000000001100000000000000000000010001000000000000000210000000100100010000000000000000000100000000000000000000000000000000000000000000
110002101001101000110121101110111211010110111112001001010011001120011201102010102020001202220002010022210200002022100000010001210022102000011210020002001022000000201200100010200220210000010000002000002010020000002100000121110100000201000000010121001011010000000201021000201101101000011020101110010220000002000101101002211101210120001110011120100210121010210020111100110010102001210111112200110201000000000121202001110011101020002110000
110002101001101000110121101110111211010110111112001001010011001120011201102010102020001202220002010022210200002022100000010001210022102000011210020002001022000000201200100010200220220000021000002000002020020000002200000222220200000202000000020222002022020000000101122000201101101000011020201220010220000001000102201002211101210120001120012110100210121010220020111200210020102001210111112200210200001000000121202001110011101110012210000
110001000000000000010111100010101201010110101001001001010011001020011200102000002010001101110001010011110100001011100000010001110011101000011110010001001011000000101100000000100110100000000000001000002000020000002000000010000000000200000000000020000000000000000000000000000000000000000010100100000120000000000001100001100000100010000010001000000100010000210010000100100010001000100000001100100100000000000010101000000000000000001000000
110001000000000000010111100010101201010110101001001001010011001020011200102000002010001101110001010011110100001011100000010001110011101000011110010001001011000000101100000000100110100000000000001000002000020000002000000111110100000201000000010021001010010000000010010000100000010000100111110111101121111010000001110111100000100010000010101000000100010001211110000100100010001001100000001100101100000000001010111100000000000010101000000
110001101001101000110111101110111211010110111111001001010011001120011201102010102010001101110001010011110100001011100000010001110011101000011110010001001011000100101100100010100110110000011000001000002010020000002100000111110100000201000000010121001011010000000101011000101101101000011010101110010120000001000101101001111101110110001110011110100110111010210010111100110010101001110111111110110100001000000111101001110011101010001110000
110001001001101000010111100010101201010110101001001001010011001020011200102000002010001101110001010011110100001011100000010001110011101000011110010001001111000100101100000000100111110000010000001000002011020000002100000111110100001201000000010121001111010000000000011000101001101000011010101110010120000000000001101001101101111110101110011100100110111010210010111100110110101001110111111100110100000000000111101000000100010110011110110
110001101001101000110111101110111211010110111111001001010011001120011201102010102010001101110001010011110100001011100000010001110011101000011110010001001011000100101100100010100110110000011000001001002010020000002100000111110100000201000000010121001011010000000111011000101101111000111111111111111121111011000101111111111101110110001110111110100110111011211110111100110010101001110111111100111100000000001111101001110011101010001110000
000001100000000000100000001100010210000000010110000000000000000120000201002010102000000000000000000000000100000000000000000000000000000000000000000000000010000100000100100010100000010000011000000000002010020000002100000111110100000201000000010121001011010000000101011000101101101000011010101110010120000001000101101001111101110110001110011110100110111010210010111100110010101001110111111100110100001000000111101001110011101010001110000
220002202001101000220222202220222222020220222222002002020022002220022202202020202010002101110001020011120200001011200000020002120011201010022120010001002021000000102200200020200110120000021000001000002020020000002200000222220200000202000000020122002022020000000202022000202202202000022020202220020220000002000202202002222202220220002220022220200220222020220020222200220020202001220222222200220200002000000222202002220022202020002220000
110001201001101000210111102210121221010110121221001001010011001220011202102020202020001202220002010022210100002022100000010001210022102010011210020002001012000000201100200020100220220000021000002000002020020000002200000222220200000202000000020222002022020000000102022000202202202000022020202220020220000001000202202002222202220220002220022210200220222020220020222200220020202002220222222200220200002000000222202002220022202010002220000
110001001001101000010111100010101201010110101001001001010011001020011200102000002020001202220002010022210100002022100000010001210022102000011210020002001012000000201100000000100220220000020000002000002020020000002200000222220200000202000000020222002022020000000000022000200000000000000020200220000220000000000002200002200000200020000020002000000200020000220020000200200020002000200000002200200200000000000020202000000000000010002200000
110011000000000100011111100011101201010111101001001001010011011020011200102000002010001101110001010111110110001111100001010001110011101000011110110101001011000100101100000000100110100000000001001000012000021010002000110111110100000201101100010021001010010111100010000000000000010000100111110111101121111010000011110111100000100010000010101000000100010001211110000100101010001001100000001100101100000000001010111100000000000000101000000
110011001001101100011111100011101201011111101001001001010011011020011200102000002010001101110001010111110110001111100001010001110011101000011110110001101011000100101100000000100110101000000011001010012000021010002000000101110100000201000000010021001010010000000000000000000000000000000000100110000020000001000001100000000000000000000010001010000000000000110000000100100010000000000000000000100000000000000000000000001000000000000000000
110000101001101000110101101110111211010110111110001001010011001120011201102010102010001101110001010011110000001011100000010001110011101000011110010001101001000100101000100010000110111000010000001010002010020000002100000101110100000201000000010121001011010000000101111010101001101000011000001010010020000001000100001000011101010100001100010110100010101010200000111000010000100000010111110000010000001000000101000001110011101000000110000
220012002001101100021222200020202202021221202002002002020022012020022200202000002020002202220002020122220210002122200001020002220022202000022220120002002022000000202200000000200220210000010011002000012010021010002100000121110100000201000000010121001011010000000100011000100000000000000020100110000220000001000001100002200000200020000010001010000200020000210020000100100010002001200000002200100200000000000020212100000000000010002100000
000000000000000000000000000000000200000000000000000000000000000020000200002000002010000101110001000011100000001011000000000000100011001000000100010001000001000000100000000000000110110000010000001000002010020000002100000111110100000201000000010121001011010000000000011000101101101000011010101110010120000000000101101001111101110110001110011100100110111010210010111100110010101001110111111100110100000000000111101001110010101000001110000
110000101001101000110101101110111211010110111110001001010011001120011201102010102010001101110001010011110000001011100000010001110011101000011110010001001001000000101000100010000110110000010000001000002010020000002100000101110100000201000000010121001011010000000001001000001001101000011000101110010020000000000101101000011101010100001110011100100010101010210000111100110010100001010111110000110000000000000101100001110010101000000110000
110001101001101000110121101110111211010110111112001001010011001120011201102010102010001101110001010011110100001011100000010001110011101000011110010001001011000000101100100010100110110000011000001000002010020000002100000111110100000201000000010121001011010000000101011000101101101000011010101110010120000001000101101001111101110110001110011110100110111010210010111100110010101001110111111110110100001000000111101001110011101010001110000
110002101001101000110121101110111211010110111112001001010011001120011201102010102020001202220002010022210200002022100000010001210022102000011210020002001022000000201200100010200220210000011000002000002010020000002100000121110100000201000000010121001011010000000101011000101101101000011010101110010120000001000101101001111101110110001110011110100110121010210010111100110010101001110111112110110200001000000121201001110011101010002110000
000001000000000000000010000000000200000000000001000000000000000020000200002000002010000101110001000011100100001011000000000000100011001000000100010001000011000100100100000000100110110000011000001000002010020000002100000111110100000201000000010121001011010000000000011000100000000000000010100110000120000000000001100001100000100010000010001000000100010000210010000100100010001001100000001100100100000000000010101000000000000000001100000
110002101001101000110121101110111111010110111112001001010011001120011201102010102020001202220102010022210200002022101000010101211022102000011210020002001022011001201200100010211220220000121100002100002120020001002211001222220210100212000010120222102022120000000101022101211101101000011020201220010220000001000102201002211101210121001120012110100210121010220020111201210020102001210111112201210200000000010121202001110011101010002210000
220001102002202000120212201120212212020220212111002002020022002120022201202010102020002202220002020022220100002022200000020002220022202000022220020002002012000000202100100010100220220000020000002000002020020000002200000212220200000202000000020222002022020000000101022000201101101000011010201220010120000001000102201001111101110110001120012110100110111010220010111200210020101001110111112100210100001000000111201001110011101000002210000
110000101001101000110101101110111211010110111110001001010011001120011201102010102000001000000000010000010000000000100000010001010000100000011010000000101000000000001000100010000000001000000000000010002000020000002000000000000000000200000000000020000000000000000101000000001101101000011000001000010020000001000100001000011111010100001100010110110010101010200000111000010000100000010111110000010000000000000101000001111011101010000010000
110001101001101000110111101110111211010110111111001001010011001120011201102010102010001101110001010011110100001011100000010001110011101000011110010001001011000100101100100010100110110000011000001000002010020000002100000111110100000201000000010121001011010000000011011000101101111000111111111111111121111010000101111111111101110110001110111100100110111011211110111100110010101001110111111100111100001000001111111101110010101010001110000
110011001001101100011111100010101201011111101001001001010011011020011200102000002010001101110001010111110110001111100001010001110011101000011110110001001011000000101100000000100110100000000011001000012000021010002000000010000000000200000000000020000000000000000001000000001101101000011010001000010120000001000100001001111101110110001100010110100110111010200010111000010000101000110111110100010100000000000111101001110011101010000010000
220012102002202100121222201120212212021221212112002002020022012120022201202010102020002202220002020122220210002122200001020002220022202000022220120102002022000000202200100010200220220000020011002000012020021010002200110222220200000202101100020122002022020111100111022000201101111000121121211221111221111011000112211112211101220120001120112110100220122011221120111200211020102002210111112200211200001000001121212101110011101020102210000
000001000000000000000010000000000200000000000001000000000000000020000200002000002010000101110001000011100100001011000000000000100011001000000100010001000011000000100100000000100110110000011000001000002010020000002100000111110100000201000000010121001011010000000000011000100000000000000010100110000120000000000001100001100000100010000010001000000100010000210010000100100010001000100000001100100100000000000010101000000000000000001100000
220012212002202100221222202220222222021221222222002002020022012220022202202020202020002202220002020122220210002122200001020002220022202000022220120002102022000000202200200020200220211000011011002010012020021010002100000222220200000202000000020122002022020000000202022000202202202000022020202220020220000002000202202002222212220220102220022220210220222020220020222200220020202002220222222200220200000000000222212102221022202020002220000
110010000000000100011101100011101201011111101000001001010011011020011200102000002000001000000000010100010010000100100001010001010000100000011010100000201000000100001000000000000000002000000011000020012000021010002000000000000000000200000000000020000000000000000100000000000000000000000000000000000020000001000000000000000020000000200000000010020000000000200000000000000000000000000000000000000000000000000000000000002000000010000000010
220002202002202000220222202220222222020220222222002002020022002220022202202020202020002202220002020022220200002022200000020002220022202000022220020002002022000000202200200020200220210000010000002000002010020000002100000111110100000201000000010121001011010000000202011000102202202000022010102110020120000002000201102001122202120210002210021220200120212020210010222100120010201001120222221100120100000000000212201002220022202020001120000
220001201001101000220212202220222222020220222221002002020022002220022202202020202010002101110001020011120100001011200000020002120011201000022120010001002011000000102100200020100110110000010000001000002010020000002100000111110100000201000000010121001011010000000202011000102202202000022010102110020120000002000201102001122212120210002210021220200120212020210010222100120010201001120222221100120100000000000212201002220022202010001120000
220001102002202000120212201120212212020220212111002002020022002120022201202010102010002101110001020011120100001011200000020002120011201000022120010001102011000000102100100010100110111000010000001010002010020000002100000111110100000201000000010121001011010000000102011000102202202000022010102110020120000002000201102001122212120210002210021220210120212020210010222100120010201001120222221100120100000000000212101002220022202020001120000
110002000001101000010121100010101201010110101002001001010011001020011200102000002020001202220002010022210200002022100000010001210022102000011210020002001022000000201200000000200220210000010000002000002010020000002100000222220200000202000000020122002022020000000100022000200000000000000020200220000220000001000002200002200000200020000020002010000200020000220020000200200020002000200000002200200200000000000020202000000000000010002200000
220012202002202100221222202220222222021221222222002002020022012220022202202020202020002202220002020122220210002122200001020002220022202000022220120002102022000000202200200020200220221000021011002010012020021010002200000212220200000202000000020222002022020000000202012000102202202000022010202220020120000002000202202002122222120210102220022220210120212020220010222200220020202002120222221100220100000000000212201002221022202020001220000
110001101001101000110111101110111111010110111111001001010011001120011201102010102010001101110001010011110100001011100000010001110011101000011110010001001011000100101100100010100110110000010000001000002010020000002100000111110100000201000000010121001011010000000111011000101001111000111111111111111121111011000101111111111101110110001110111110100110111011111110111100110010101001110111111100111100000000001011101001110010101010001110000
220002202002202000220222202220222222020220222222002002020022002220022202202020202020002202220002020022220200002022200000020002220022202000022220020102002022000000202200200020200220220000020000002000002020020000002200110222220200000202101100020222002022020111100212022000202202212000122121212221121221111012000212212112222202220220002220122220200220222021221120222200221020202002220222222200221200001100001222212102220022202020102220000
110002101001101000110121101110111211010110111112001001010011001120011201102010102010001101110001010011110200001011100000010001110011101000011110010001001021000000101200100010200110110000011000001000002000020000002100000121110100000201000000010021001010010000000201020000201101101000011020101110010220000002000101101002211101210120001110011120100210121010210020111100110010102000210111112200110200001000000121212101110011101020002010000
110001101001101000110111101110111211010110111111001001010011001120011201102010102010001101110001010011110100001011100000010001110011101000011110010001001011000100101100100010100110110000011000001000002010020000002100000111110100000201000000010121001011010000000101011000101101101000011010101110010120000001000101101001111101110110001110011110100110111010210010111100110010101001110111111100110100000000000111101001110011101010001110000
110012101001101100111121101110111211011111111222001001010011011120011201102010102010001101110001010111110210001111100001010001110011101000011110110001001121000000101200100010200111110000010011001000012011021010002100000121110100001201000000010021001111010000000101121000200000000000000020100110000220000001000001100002210000201020000010001011000200020000210020000100100110002001200000102200100201001000000021202001110111111120012100000
110000000000000000010000000000100201010010001000001000000011001020011200102000002000001000000000000000010000000000100000000000010000100000001000000000001000000100000000000000000000000000000000000000002000020000002000000000000000000200000000000020000000000000000000000000000000000000000000000000000020000000000000000000000000000000000000000000000000000000200000000000000000000000000000000000000000000000000000000000000000000000000000000
110001001000000000010111100010101201010110101001001001010011001020011200102000002020001202220002010022210100002022100000010001210022102000011210020002001012000000201100000000100220210000010000002000002010020000002100000121110100000201000000010121001011010000000100021000200000000000000020100110000220000001000001100001200000200020000010001010000200020000210020000100100010001000200000002200100200000000000020202000000000000010002100000
000000000000000000000000000000000200000000000000000000000000000020000200002000002000000000000000000000000000000000000000000000000000000000000000000000000000000100000000000000000000000000000000000000002000020000002000000000000000000200000000000020000001000000000000001010000000000000000000000000000020000000000000000000000000000000100000000000000000000000200000000000000000000000000000000000000000000000000000000000000000000000000100000
110011101001101100111111101110111211011111111111001001010011011120011201102010102020001202220102010122210110002122101001010101211022102000011210120002101012011001201100100010111220221000121111002110012110021011002211001111110110100211000010110221101011110000000102021101212202202000022020102110020220000001000201102001222212220221102210021210210220222020210020222101120010201001220222222211120100000000010212201002221021202010002220000
110012101001101100111121101110111211011111111112001101010011011120011201102010102010001101110001010111110210001111100001010001110011101010011110110001101021000000101200100010200110111000011011001010012010021010002100000111110100000201000000010121001011010000000101011000101101101000011010101110010120000001000101101001111111110110101110011110110110111010210010111100110010101001110111111110110100000000000111101001111011101010001110000
110000101000000000110101101110111011010010111110001001010011001120011201102010102000001000000000010000010000000000100000010001010000100000011010000000001000000100001000100010000000000000000000000000002000020000002000000000000000000200000000000020000000000000000101000000001101101000011000001000010020000001000100001000011101010100001100010110100010101010200000111000010000100000010111110000010000000000000101000001110011101010000011000
110001101001101000110111101110111211010110111111001001010011001120011201102010102010001101110001010011110100001011100000010001110011101000011110010001001011000100101100100010100110110000011000001000002010020000002100000111110100000201000000010121001011010000000001001000001001101000011010101110010120000000000101101001111101110110001110011100100110111010210010111100110010101001110111111100110100000000000111101001110010101000001110000
110000101001101000110101101110111211010110111110001001010011001120011201102010102000001000000000010000010000000000100000010001010000100000011010000000001000000100001000100010000000000000000000010000002000020000002000000111110100000201000000010021001010010000000101000000001101101000011010101110010120000001000101101001111101110110001110011110100110111010210010111100110010101000110111111100110100000000000111101001110011101010001010000
110000001001101000010101100010101201010110101000001001010011001020011200102000002010001101110001010011110000001011100000010001110011101000011110010001001001000000101000000000000110100000000000001000002000020000002000000101110100000201000000010021001010010000000000000000000000000000000000100110000020000001000001100000000000000000000010001010000000000000210000000100100010000000000000000000100000000000000000000000000000000010000000000
000000000000000000000000000000000200000000000000000000000000000020000200002000002000000000000000000000000000000000000000000000000000000000000000000000000000000000000000000000000000000000000000010000002000020000002000000000000000000200000000000020000000000000000100000000000000000000000000000000000020000001000000000000000000000000000000000010000000000000200000000000000000000000000000000000000000000000000000100000000000000010000000000
220002002002202000020222200020202202020220202002002002020022002020022200202000002020002202220002020022220200002022200000020002220022202000022220020002002022000000202200100010200220220000020000002000002020020000002200000222220200000202000000020222002022020000000101022000201001101000011020201220010220000001000002201002211101210120001120012110100210121010220020111200210020102001210111112200210200000000000121202001110011101020002210000
110001101001101000110111101110111211010110111111001001010011001120011201102010102010001101110001010011110100001011100000010001110011101000011110010001001111000100101100100010100111110000011000001000002011020000002100000111110100001201000000010121001111010000000102121000202212202000012000102110020020000001000201102001022202011200002210021210200010201020210000222100120110200001020222221000120001000000000212200002221121212110011120110
110001101000000000110111101110111211010110111111001001010011001120011201102010102010001101110001010011110100001011100000010001110011101000011110010001001011000000101100100010100110100000000000011000002000020000002000000010000000000200000000000020000000000000000101010000101101101000001010001000010120000001000100001001111101100110001100010110100100110010200010111000010000101000110111011100010100000000000111101001110011101010001010000
220012102002202100121222201120212212021221212112002102020022012120022201202010102010002101110001020111120210001111200001020002120011201000022120110101002021000000102200100010200110110000010011001000012010021010002100110111110100000201101100010121001011010111100101011000101101101000011010101110010120000001000111101001111101110110001110011110100110111010210010111100111011101001110111111100110100001000000111111101110011101020001110000
000002000000000000000020000000000200000000000002000000000000000020000200002000002010000101110101000011100200001011001000000100101011001000000100010001000021011001100200000000211110110000111100001100002110020001002111001111110110100211000010110121101011110000000010011101110000010000100111110111101121111010000001110111100000100011100010101000000100010001211110000101100010001001100000001101101100000000011010101000000000000000101100000
000001100000000000100010000100010210000000010111000000000000000120000201002010102020000202220002000022200100002022000000000000200022002000000200020002000012000000200100100010100220220000021000002000002020020000002200000121110100000201000000010121001012010000000101022000201101101000011020201220010220000001000102201002211101210120001120012110100210121010220020111200210020102001210111112200210200001000000121202001110011101000002210000
110001101001101000110111101110111111010110111111001001010011001120011201102010102010001101110001010011110100001011100000010001110011101000011110010001001011000100101100100010100110100000000000011000002000020000002100000101110100000201000000010021001011010000000101001000001101101000011010101110010120000001000101101001111101110110001110011110100110101010110010111100110010101001110111110100110000000000000111101001110011101010000110000
110001101001101000110111101110111211010110111111001001010011001120011201102010102020001202220002010022210100002022100000010001210022102010011210020002001012000000201100100010100220220000020000002000002020020000002200000111110100000201000000010221001012010000000101022000201101101000011010101110010120000001000101101001111101110110001110011110100110111010210010111100110010101001110111111100110100001000000111201001110011101010001210000
000002100000000000100020000100010210000000010112000000000000000120000201002010102020000202220002000022200200002022000000000000200022002000000200020002000022000000200200100010200220220000022000002000002020020000002200000222220200000202000000020122002022020000000101012000101101101000011020201220010220000001000102201002211101210120001120012110100210121010220020111200210020102001210111112200210200001000000121202001110011101010002210000
000001000000000000000010000000000200000000000001000000000000000020000200002000002000000000000000000000000100000000000000000000000000000000000000000000000110000100000100000000100001000000000000010001002001020000002000000111110100001201000000010021001110010000000100110000100000000000000010100110000120000001000001100001100000100010000010001010000100010000210010000100100010001000100000001100100101000000000010101000000000000000001000000
000010000000000100001000000000000200000001000000000000000000010020000200002000002000000000000000000100000010000100000001000000000000000000000000100000000000000100000000000000000000000000000001010000012000021010002000000000000000000200000000000020000000000000000000000000000000000000000000000000000020000000000000000000000000000000000000000000000000000000200000000000000000000000000000000000000000000000000000000000000000000000000000000
220011102001101100121212201120212112021221212111002002020022012120022201202010102010002101110001020111120110001111200001020002120012201000022120110001102011000000102100100010100110111000010011001010012010021010002100000111110100000201000000010121001011010000000101011000101101101000011010101110010120000001000101101001111111110110001110011110110110111010210010111100110010101001110111111100110100000000000111101001110011101010001110000
110001101001101000110111101110111211010110111111001001010011001120011201102010102010001101110001010011110100001011100000010001110011101000011110010001001111000100101100100010100111110000011000001000002011020000002100000111110100001201000000010121001111010000000001011000100000000000010010100110000120000000000001100001100000111010000010001000000110011000210010000100100110001001100000001100100100001000000110101000000100010100011100010
110001001001101000010111100010101101010110101001001001010011001020011200102000002010001101110001010011110100001011100000010001110011101000011110010101001011000100101100000000100110100000000000001001002000020000002000110111110100000201101100010021001010010111100000000000001001101000001010101110010120000000000111101001101101100110001110011100100100110010210010111100111010101001110111011100110100000000000111101000000000000000001000000
220002202002202000220222202220222222020220222222002002020022002220022202202020202020002202220002020022220200002022200000020002220022202000022220020002002022000000202200200020200220220000021000002000002020020000002200000222220200000202000000020222002022020000000202022000202202202000022020202220020220000002000202202002222202220220002220022220200220222020220020222200220020202002220222222210220200001000000222212102220022202020002220000
110010001001101100011101100010101201011111101000001001010011011020011200102000002000001000000000010100010010000100100001010001010000100000011010100000001000000000001000000000000000000000000011000000012000021010002000000000000000000200000000000020000000000000000000000000000000000000000000000000000020000000000000000000000000000000000000000000000000000000200000000000000000000000000000000000000000000000000000000000001000000000000000000
110000101001101000110101101110111211010110111110001001010011001120011201102010102010001101110101010011110000001011101000010101111011101000011110010001001001011101101000100010011110110000111100001100002110020001002111001111110110100211000010110121101011110000000111001101011101111000111111111111111121111011000101111111111101110111001110111110100110111011211110111101110010101001110111111101111100000000011111101001110011101010101110000
000001000000000000000010000000000200000000000001000000000000000020000200002000002000000000000000000000000100000000000000000000000000000000000000000000000010000000000100000000100000010000010000000000002000020000002000000010000000000200000000000020000000000000000100110000100000000000000010000000000120000001000000000001100000100010000000000010000100010000200010000000000000001000100000001100000101000000000010101000000000000000001000000
000000000000000000000000000000000100000000000000000000000000000020000200002000002000000000000000000000000000000000000000000000000000000000000000000000000100000000000000000000000001000000000000000000002001020000002000000000000000001200000000000020000100000000000000100000000000000000000000000000000020000000000000000000000000001000000000000000000000000000200000000000000100000000000000000000000001000000000000000000000100010100010000110
000001100000000000100010001100010210000000010111000000000000000120000201002010102010000101110001000011100100001011000000000000100011001000000100010001100011000100100100100010100110111000011000011010002010020000002100000111110100000201000000010021001011010000000201011000101101101000011010101110010120000002000101101001111111110110101110011120110110111010210010111100110010101001110111111100110100000000000111201001110011101010001110000
220000201001101000220202202220222222020220222220002002020022002220022202202020202010002101110001020011120000001011200000020002120011201000022120010001002001000000102000200020000110110000010000001000002010020000002100000111110100000201000000010121001011010000000202021000202202202000022010102110020120000002000201102001122202120210002210021220200120212020210010222100120010201001120222221100120100000000000212201002220022202010001120000
220012102002202100121222201120212212021221212112002002020022012120022201202010102020002202220002020122220210002122200001020002220022202000022220120002102022000000202200100010200220211000011011002010012010021010002200000212220200000202000000020222002022020000000102012000102202202000022010202220020120000001000202202002122212120210102220022210210120212020220010222200220020201001120222221100220100000000000212101002221021202010001220000
000012100000000100101020000100010210001001010112000000000000010120000201002010102010000101110001000111100210001111000001000000100011001000000100110101000021000000100200100010200110110000010011001000012010021010002100110111110100000201101100010021001011010111100101011000101101101000011010101110010120000001000111101001111111110110001110011110100110111010210010111100111011101001110111111100110100001000000111101001110011101010001110000
000000000000000000000000000000000200000000000000000000000000000020000200002000002000001000000000000000000000000000100000000000010000000000001000000000001000000000000000000000000000000000000000000000002000020000002000000020000000000200000000000020000001000000000200011000101101101000011020101100010220000002000101101002201101210120001110011120100210121010210020111100110010102000210111112200110200000000000121202000000000000020002010000
110002101001101000110121101110111211010110111112001001010011001120011201102010102020001202220002010022210200002022100000010001210022102000011210020002001022000000201200100010200220220000022000002000002020020000002200000222220200000202000000020222002022020000000101022000201101101000011020201220010220000001000102201002211101210120001120012110100210121010220020111200210020102001210111112210210200001000000121202001110011101010002210000
110012001001101100011121100010101201011111101002001001010011011020011200102000002010002101110001020111120210001111200001020002120011101000022120110001102021000000102200000000200110101000000011001010012000021010002000000111110100000201000000010021001010010000000100010000100000000000000010100110000120000001000001100001100000100010000010001010000100010000210010000100100010001000100000001100100100000000000010101000001000000010001000000
220000101001101000120202201120212112020220212220002002020022002120022201202010102010002101110001020011120000001011200000020002120011201000022120010001002001000000102000200020000110120000020000001000002010020000002200000111110100000201000000010221001012010000000102012000102202202000022010102110020120000001000201102002122202120210002210021210200120212020210010222100120010201001120222221100120100000000000212201002220022202010001220000
110001101001101000110121101110111211010110111112001001010011001120011201102010102010001101110001010011110100001011100000010001110011101010011110010001001011000000101100100010100110110000010000001000002010020000002100000111110100000201000000010121001011010000000101011000101101101000011010101110010120000001000101101001111101110110001110011110100110111010210010111100110010101001110111111100110100001000000111101001110011101010001110000
110001101001101000110111101110111211010110111111001001010011001120011201102010102010001101110001010011110100001011100000010001110011101000011110010001001011000100101100100010100110110000011000001000002010020000002100000111110100000201000000010121001011010000000101011000101101101000011010101110010120000001000101101001111101110110101110011110100110111010210010111100110010101001110111111110110100000000000111101001110011101010001110000
220002102002202000120222201120212212020220212112002002020022002120022201202010102020002202220002020022220200002022200000020002220022202000022220020002002022000000202200100010200220210000010000002000002010020000002100000222220200000202000000020122002021020000000201021000201101101000011020201220010220000002000102201002211101210120001120012120100210121010220020111200210020102001210111112200210200000000000121202001110011101020002110000
110001201001101000210111102210121221010110121221001001010011001220011202102020202000001000000000020000010100000000100000020002010000100000022020000000101010000000002100200020100000001000000000000010002010020000002000000111110100000201000000010021001011010000000202011000102202202000022010102110020120000002000201102001122212120210102210021220210120212020210010222100120010201000120222221100120100000000000212201002220022202020001020000
220002101002202000120222201120212212020220212112002002020022002120022201202010102020002202220002020022220200002022200000020002220022202000022220020002002022000000202200100010200220210000011000002000002010020000002100000111110100000201000000010121001011010000000101011000101101101000011010201210010120000001000102201001111101110110001120012110100110111010220010111200210020101001110111111110210100001000000111101001110011101010001110000
220002102002202000220222202120222222020220222222002002020022002220022202202010202020002202220002020022220200002022200000020002220022202010022220020002102022000000202200200020200220211000010000002010002010020000002100000111110100000201000000010121001011010000000202011000102202202000022010102110020120000002000201102001122212120210002210021220210120212020210010222100120010201001120222121110120100001000000212201002220022202020001120000
220002102002202000120222201120212212020220212112002002020022002120022201202010102020002202220002020022220200002022200000020002220022202000022220020002002022000000202200200020200220220000021000002000002010020000002100000121110100000201000000010121001011010000000201021000201101101000011020101110010220000002000101101002211101210120001110011120100210121010210020111100110010102001210111112200110200000000000121202001111011101010002110000
110002100000000000110121101110111211010110111112001001010011001120011201102010102020001202220102010022210200002022101000010101211022102000011210020002001022011001201200100010211220210000111100002100002110020001002111001121110110100211000010110121101011110000000111011101111101111000111121111111111221111011000101111112211101210121001110111110100210121011211120111101110010102001210111112201111200000000011121202001110011101010102110000
110001201001101000210111102210121221010110121221001001010011001220011202102020202010001101110001010011110100001011100000010001110011101000011110010001001011000100101100200020100110110000010000001001002010020000002100000101110100000201000000010121001011010000000102011000102102202000022010102110020120000001000201102001122202120210002210021210200120212020210010222100120010201001120222221100120100001000000212201002220022202000001120000
000000000000000000000000000000000200000000000000000000000000000020000200002000002000000000000100000000000000000000001000000100001000000000000000000000000000011201000000000000011000000000100100000100002100020001002011001010000010100210000010100020100000100000000000010101110000000000000010000000000120000000000000000001100000100011000000000000000100010000200010000001000000000000100000001101000100000000010010101000000000000000001000000
110002000001101000010121100010101201010110101002001001010011001020011200102000002020001202220102010022210200002022101000010101211022102000011210020002001022011001201200000000211220210000111100002100002110020001002111001222220210100212000010120122102021120000000101021101210000000000010020200220000220000001000102200002210000210021000020002010000210021000220020000201200020002001200000002201200200000000010020202001110010101010002100000
110002101001101000110121101110111211010110111112001001010011001120011201102010102020001202220002010022210200002022100000010001210022102000011210020002001022000000201200100010200220220000021000002000002020020000002200000222220200000202000000020222002022020000000101022000201101101000011020201220010220000001000102201002211101210120001120012110100210121010220020111200210020102001210111112200210200000000000121202001110011101010002210000
000001000000000000000010000000000200000000000001000000000000000020000200002000002000001000000000000000000100000000100000000000010000100000001000000000001010000000000100000000100000000000000000000000002000020000002000000010000000000200000000000020000000000000000100120000200000000000000010000000000120000001000000000001100000100010000000000010000100010000200010000000000000001000100000001100000100000000000010201000000000000010001000000
220001202002202000220212202220222222020220222221002002020022002220022202202020202020002202220002020022220100002022200000020002220022202000022220020002002012000000202100200020100220220000021000002000002020020000002200000212220200000202000000020222002022020000000202022000202202202000022010202220020120000002000202202001122202120210002220022220200120212020220010222200220020201002120222221110220100001000000212201002220022202020001220000
110000101000000000110101101110111111010110111111001001010011001120011201102010102010001101110001010011110000001011100000010001110011101000011110010001001001000000101000100010000110110000010000001000002010020000002100000111110100000201000000010121001011010000000201021000201101101000011010101110010120000002000101101001111101110110001110011120100110111010210010111100110010101001110111111100110100001000000111201001110011101010001110000
110001001001101000010111100010101201010110101001001001010011001020011200102000002010001101110001010011110100001011100000010001110011101000011110010001001011000000101100000000100110110000010000001000002000020000002100000010000000000200000000000120000000000000000100010000100000000000000010000000000120000001000000000001100000100010000000000010000100010000200010000000000000001000100000001100000100000000000010101000000000000010001100000
110011001000000100011111100010101201011111101001001001010011011020011200102000002010001101110001010111110110001111100001010001110011101000011110110001001011000000101100000000100110100000000011001000012000021010002000000111110100000201000000010021001010010000000000000000000000000000000010100110000120000000000001100001100000100010000010001000000100010000210010000100100010001000100000001100100100000000000010101000000000000010001000000
110001101001101000110111101110111211010110111111001001010011001120011201102010102020001202220002010022210100002022100000010001210022102000011210020002001012000000201100100010100220210000010000002000002010020000002100000111110100000201000000010121001011010000000101011000101101101000011010101110010120000001000101101001111101110110001110011110100110111010210010111100110010101001110111111100110100000000000111101001110011101010001110000
110002101001101000110121101110111211010110111112001001010011001120011201102010102020001202220002010022210200002022100000010001210022102000011210020002001022000000201200100010200220210000011000002000002010020000002100000121110100000201000000010121001011010000000101021000201101101000011020101110010220000001000101101002211101210120001110011110100210121010210020111100110010102001210111112210110200001000000121212101110011101010002110000
220002101001101000120222201120212112020220212112002002020022002120022201202010102020002202220002020022220200002022200000020002220022202000022220020002002022000000202200100010200220200000000000002000002010020000002100000111110100000201000000010021001011010000000101011000101101101000011010101110010120000001000101101001111111110110001110011110100110111010110010111100110010101001110111111100110100000000000111101001110011101010001210000
110001101001101000110111101110111211010110111111001001010011001120011201102010102010001101110001010011110100001011100000010001110011101000011110010001001011000000101100100010100110110000010000011000002010020000002100000010000000000200000000000120000001000000000101011000101101101000011010001000010120000001000100001001111101110110001100010110100110111010200010111000010000101000110111111100010100001000000111101001110011101110011110000
220001101001101000120212201120212212020220212111002002020022002120022201202010102020002202220002020022220100002022200000020002220022202000022220020002002012000000202100100010100220220000020000002000002020020000002200000222220200000202000000020222002022020000000201022000201101101000011020201220010220000002000102201002211101210120001120012120100210121010220020111200210020102001210111112200210200000000000121202001110011101020002210000
110011101001101100111111101110111111011111111111001001010011011120011201102010102000001000000000010100010110000100100001010001010000100000011010100000001110000100001100100010100001000000000011000000012001021010002000000000000000001200000000000020000100000000000101000000001111101000011000001000010020000001000100001001011101011100001100010110100010101010200000111000010100100000010111110000010101000000000101000001110111111100010010010
000001000000000000000010000000000200000000000001000000000000000020000200002000002010000101110001000011100100001011000000000000100011001000000100010001000011000100100100000000100110100000000000001000002000020000002000000010000000000200000000000020000000000000000100010000100000000000000010100100000120000001000001100001100000100010000010001010000100010000210010000100100010001000100000001100100100000000000010101000000000000020001000000
110001101001101000110111101110111211010110111111001001010011001120011201102010102010001101110001010011110100001011100000010001110011101000011110010001001011000000101100100010100110110000011000001000002010020000002100000111110100000201000000010121001011010000000101011000101101101000011010101110010120000001000101101001111111110110101110011110110110111010110010111100110010101001110111111110110100000000000111101001110011101010001110010
220000202002212000220202202220222122020220222220002002020022002220022202202020202000002000000000020000020000000000200000020002020000200000022020000000002000000000002000200020000000000000000000000000002000020000002000000000000000000200000000000020000000000000000202000000002202202000022010002000020120000002000200002001122202120210002200020220200120212020200010222000020000200000120222220100020100000000000212201002220022202020000120000
110002101001101000110121101110111211010110111112001001010011001120011201102010102020001202220002010022210200002022100000010001210022102000011210020002001022000000201200100010200220220000021000002000002020020000002200000222220200000202000000020222002022020000000101022000201101101000011020201220010220000001000102201002211101210120001120012110100210121010220020111200210020102001210111112200210200001100000121202001110011101000002210000
220002202002202000220222202220222222020220222222002002020022002220022202202020202020002202220002020022220200002022200000020002220022202000022220020002002022000000202200200020200220220000020000002000002020020000002200000222220200000202000000020222002022020000000202022000202202202000022020202220020220000002000202202002222202220220002220022220200220222020220020222200220020202002220222222200220200000000000222202002220022202020002220000
220001202002202000220212202220222222020220222221002002020022002220022202202020202010002101110001020011120100001011200000020002120011201010022120010001002011000000102100200020100110110000010000001001002010020000002100000111110100000201000000010121001011010000000202011000102202202000022010102110020120000002000201102001122202120210002210021220200120212020210010222100120010201001120222221100120100001000000212201002220022202020001120000
220012102002202100121222201120212212021221212111002002020022012120022201202010102010002101110001020111120210001111200001020002120012201000022120110001002021000000102200100010200110100000000011001000012000021010002000000000000000000200000000000020000000000000000101000000001101101000011010101100010120000002000101101001111101110110001110011120100110111010210010111100110010101000110111111100110100000000000111101001110011101020001010000
110002201001101000210121102210121221010110121222001001010011001220011202102020202010001101110001010011110200001011100000010001110011101000011110010001001021000000101200200020200110120000021000001000002020020000002200000222220200000202000000020122002022020000000101022000201001101000011020201220010220000001000002201002201101210120001120012110100210121010220020111200210020102001210111012200210200001000000120202000000000000020002210000
110012001001101100011222200020102201011111201002001002020011011020011200102000002010001101110001020111110210001111100001020002110011101000021120110001001021000000102200000000200110100000000011001000012000021010002000000111110100000201000000010021001010010000000000000000000000000000000010100110000120000000000001100001100000100010000010001000000100010000210010000100100010001000100000001100100100000000000010211100000000000010001000000
110001000000000000010111100010101201010110101001001001010011001020011200102000002010001101110001010011110100001011100000010001110011101000011110010001101011000000101100000000100110111000010000001010002010020000002100000000000000000200000000000020000001000000000100011000100000000000000000100110000020000001000001100001000010000000100010001010010000000000210000000100100010000000000000000000100000000000000010100000000000000110010100010
000001000000000000000010000000000200000000000001000000000000000020000200002000002000000000000000000000000100000000000000000000000000000000000000000000000010000000000100000000100000000000000000000000002000020000002000000000000000000200000000000020000000000000000000000000000000000000000000000000000020000000000000000000000000000000000000000000000000000000200000000000000000000000000000000000000000000000000000000000000000000000000000000
220011001002202100021111100011201202021221102001002101010022012020022200202000002010002101110001020111120110001111200001020002120011201000022120110101002011000000102100000000100110100000000011001000012000021010002000110111110100000201101100010021001010010111100001000000001101101000011010101110010120000001000111101001111101110110001110011110100110111010210010111100111011101001110111111100110100000000000111111101110011101020001010000
220022102002202200122222201120212212022222212112002002020022022120022201202010102020002202220002020222220220002222200002020002220022202000022220220002002022000000202200100010200220200000000022002000022000022020002000000121110100000201000000010021001010010000000101010000101101101000011020101110010220000001000101101002211101210120101110011110100210121010210020111100110010102001210111112200110200000000000121212101110011101020002010000
110001000000000000010111100010101201010110101001001001010011001020011200102000002000001000000000010000010100000000100000010001010000100000011010000000001010000000001100000000100000000000000000000000002000020000002000000010000000000200000000000020000000000000000100000000000000000000000010000000000120000001000000000001100000100010000000000010000100010000200010000000000000001000100000001100000100000000000010101000000000000010001000000
220012202002202100221222202220222222021221222222002002020022012220022202202020202020002202220002020122220210002122200001020002220022202000022220120002002022000000202200200020200220220000020011002000012020021010002200000222220200000202000000020222002022020000000202022000202202202000022020202220020220000002000202202002222202220220002220022220200220222020220020222200220020202002220222222200220200000000000222202002220022202020002220000
000001100000000000100010001100010210000000010111000000000000000120000201002010102010000101110001000011100100001011000000000000100011001000000100010001000011000100100100100010100110110000011000001000002010020000002100000111110100000201000000010021001011010000000111011000101101111000111111111111111121111011000101111111111101110110001110111110100110111011211110111100110010101001110111111100111100001000001111101001110011101010001110000
110002101001101000110121101110111211010110111112001001010011001120011201102010102020001202220002010022210200002022100000010001210022102000011210020002001022000000201200100010200220210000011000002000002010020000002100000222220200000202000000020122002021020000000001021000201001101000011020201220010220000000000102201002211101210120001120012100100210121010220020111200210020102001210111112200210200000000000121202001110010101000002110000
000000000000000000000000000000000200000000000000000000000000000020000200002000002000000000000000000000000000000000000000000000000000000000000000000000000100000100000000000000000001000000000000000000002001020000002000000000000000001200000000000020000100000000000000100000000000000000000000000000000020000000000000000000000000001000000000000000000000000000200000000000000100000000000000000000000001000000000000000000000100010000010000000
110002001001101000010121100010101201010110101002001001010011001020011200102000002020001202220002010022210200002022100000010001210022102000011210020002001022000000201200000000200220210000010000002000002010020000002100000212220200000202000000020122002021020000000001011000100000000000000010200220000120000000000002200001110000100010000020002000000100010000220010000200200020002000100000001100200100000000000010201001110010101000001100000
220012000001101100021121100011201202021121102002002101010022012020022200202000002010002101110001010111120210001111200001010001120011201000012110110001002021000000101200000000200110100000000011001000012000021010002000000121110100000201000000010021001010010011100010100000000000010000100121110111101221111010000011110112200000200020000010101000000200020001211120000100101010002001200000001200101200000000001020212100000000000010101000000
220001202002202000220212202220222222020220222221002002020022002220022202202020202020002202220002020022220100002022200000020002220022202000022220020002002012000000202100200020100220220000021000002000002020020000002200000212220200000202000000020222002022020000000102012000102102202000022010202220020120000001000202202001122202120210002220022210200120212020220010222200220020201002120222221110220100001000000212201002220021202010001220000
110001101001101000110111101110111211010110111111001001010011001120011201102010102010001101110001010011110100001011100000010001110011101000011110010001001011000000101100100010100110110000010000001000002010020000002100000121110100000201000000010121001011010000000201021000201101101000011020101110010220000002000101101002211101210120001110011120100210121010210020111100110010101001210111112200110200000000000121202001110011101010002110000
220001102002202000120212201120212112020220212111002002020022002120022201202010102010002101110001020011120100001011200000020002120011201010022120010001002011000000102100100010100110110000010000001000002010020000002100000111110100000201000000010121001011010000000101001000001101101000021010101110010120000001000101101001111101120110001110011110100120112010210010111100110010101001110111111100110100000000000111101001110011101010001110000
110001001000000000010111100010101201010110101001001001010011001020011200102000002010001101110001010011110100001011100000010001110011101000011110010001101011000100101100100010100110111000011000001010002010020000002100000111110100000201000000010121001011010000000001011000100000000000000010100110000120000000000001100001100010100010000010001000010100010000210010000100100010001000100000001100100100000000000010101000001000000000001100000
000001101001101000200111101210021220000100120111000001010000000220000202002010202020000202220002010022200100002022000000010001200022002000010210020002000012000000201100100010100220220000021000002000002020020000002200000212220200000202000000020122002022020000000101012000101101101000011010201220010120000001000102201001111101110110001120012110100110111010220010111200210020101001110111111100210100000000000111201001110011101010001210000
000002000000000000000020000000000200000000000002000000000000000020000200002000002020000202220002000022200200002022000000000000200022002000000200020002000022000000200200000000200220210000010000002000002010020000002100000222220200000202000000020122002021020000000000021000200000000000000020200220000220000000000002200002200000200020000020002000000200020000220020000200200020002000200000002200200200000000000020202000000000000110012100000
110001101001101000110111101110111211010110111111001001010011001120011201102010102010001101110001010011110100001011100000010001110011101000011110010001001011000000101100100010100110110000010000001000002010020000002100000111110100000201000000010121001011010000000201021000201101101000011010101110010120000002000101101001111101110110001110011120100110111010210010111100110010101001110111111100110100000000000111201001110011101010001110000
110001000000000000010010000000100201010010001001001000000011001020011200102000002000000000000000000000000100000000000000000000000000000000000000000000000010000000000100000000100000010000010000000000002000020000002000000020000000000200000000000020000000000000000100020000200000000000000020000000000220000001000000000002200000200020000000000010000200020000200020000000000000001000200000002200000200000000000020202000000000000010002000000
220002202002202000220222202220222222020220222222002002020022002220022202202020202020002202220002020022220200002022200000020002220022202000022220020002002022000000202200200020200220220000020000002000002010020000002200000212220200000202000000020122002021020000000101011000101101101000011010201220010120000001000102201001111101110110001120012110100110111010220010111200210020102001110111111100210100000000000111101001110011101010001210000
110000100000000000110101101110111111010110111110001001010011001120011201102010102000001000000000010000010000000000100000010001010000100000011010000000001000000000001000100010000000000000000000000001002010020000002000000010000000000200000000000020000001000000000201011000101101101000011010001000010120000002000100001001111101110110001100010120100110111010200010111000010000101000110111111100010100000000000111201001110011101020001010000
110001100000000000110111101110111211010110111111001001010011001120011201102010102010001101110001010011110100001011100000010001110011101000011110010001001011000100101100100010100110110000011000001000002010020000002100000111110100000201000000010021001011010000000101011000101101101000011010101110010120000001000101101001111111110110101110011110110110111010210010111100110010101001110111111100110100000000000111101001110011101010001110000
110000101001101000110101101110111211010110111110001001010011001120011201102010102010001101110001010011110000001011100000010001110011101000011110010001001001000100101000100010000110110000010000001000002010020000002100000101110100000201000000010121001011010000000101011000101101101000011000101110010020000001000101101000011101010100001110011110100010101010210000111100110010100001010111110010110000000000000101100001110011101010000110000
000002000000000000000020000000000200000000000002000000000000000020000200002000002020000202220002000022200200002022000000000000200022002000000200020002000022000000200200000000200220200000000000002000002010020000002000000111110100000201000000010121001011010000000100021000200000000000000020100110000220000001000001100002200000200020000010001010000200020000210020000100100010002000200000002200100200000000000020202000001000000010002100000
220012002002202100021222200020202202021221202002002002020022012020022200202000002020002202220002020122220210002122200001020002220022202000022220120002102022000000202200000000200220211000010011002010012010021010002100000101110100000201000000010121001011010000000000001000001001101000011000101110010020000000000001101001001111010100101110011100110010101010210000111100110010101001010111110000110000000000000101000000001000000000000110000
000001000000000000000010000000000200000000000001000000000000000020000200002000002010000101110001000011100100001011000000000000100011001000000100010001000011000100100100000000100110100000000000001000002000020000002000000212220200000202000000020022002020020000000000000000000000000000000020200220000220000000000002200002200000200020000020002000000200020000220020000200200020002000200000001200200200000000000020202000000000000000001000000
110002001001101000010121100010101201010110101002001001010011001020011200102000002010001101110001010011110200001011100000010001110011101000011110010001001021000000101200000000200110110000010000001000002010020000002100000121110100000201000000010121001011010000000001021000201101101000011020101110010220000001000101101002211101210120001110011110100210121010210020111100110010102001210111112200110200000000000121202001110011101110012110000
110002101001101000110121101110111211010110111112001001010011001120011201102010102010001101110001010011110200001011100000010001110011101000011110010001001021000000101200100010200110110000010000001000002020020000002100000222220200000202000000020222002022020000000202022000202202202000022020202220020220000002000202202002222202220220002220022220200220222020220020222200220020202001220222222200220200000000000222202002220022202020002220000
220012102002202100121222201120212212020221212112002002020022012120022201202010102020002202220002020122220210002122200001020002220022202000022220120102002022000000202200100010200220220000021001002000012020021010002200110222220200000202101100020222002022020111100011022000201101111000111121211221111221111010000112211112211101210120001120112100100210121011221120111200211020102001210111112200211200001000001121212101110010101010102210000
110001101001101000110111101110111211010110111111001001010011001120011201102010102010001101110001010011110100001011100000010001110011101000011110010001001011000100101100100010100110110000010000011000002010020000002100000111110100000201000000010121001011010000000101011000101101101000011010101110010120000001000101101001111101110110001110011110100110111010210010111100110010101001110111111100110100000000000111101001110011101010001110000
000000100000000000100000001100010210000000010110000000000000000120000201002010102000000000000000000000000000000000000000000000000000000000000000000000000000000200000000100010000000010000010000000000002010020000002100000000000000000200000000000020000001000000000011001000001101111000111101011001111021111010000100011111011101010100001100110100100010101011201100111000010000100000010111110000011000000000001101100001110010101000000111000
000001000000000000000010000000000100000000000001000000000000000020000200002000002010000101110101000011100100001011001000000100101011001000000100010001000011011101100100000000111110110000111100001100002110020001002111001111110110100211000010110121101011110000000000011101110000000000000010100110000120000000000001100001100000100011000010001000000100010000210010000101100010001001100000001101100100000000010010101000001000000000001100000
110002001001101000010121100010101201010110101002001001010011001020011200102000002020001202220002010022210200002022100000010001210022102000011210020002001022000000201200000000200220210000010000002000002010020000002100000121110100000201000000010121001012010000000200022000200000000000000020100110000220000002000001100002200000200020000010001020000200020000210020000100100010002001200000002200100200000000000020202000000000000010002200000
000000000000000000000000000000000200000000000000000000000000000020000200002000002000000000000000000000000000000000000000000000000000000000000000000000000000000200000000000000000000000000000000000000002000020000002000000000000000000200000000000020000000000000000000000000000000000000000000000000000020000000000000000000000000000000000000000000000000000000200000000000000000000000000000000000000000000000000000000000000000000000000000000
110001101001101000110111101110111211010110111111001001010011001120011201102010102000001000000000010000010100000000100000010001010000100010011010000000001010000000001100100010100000000000000000000000002000020000002000000020000000000200000000000020000000000000000101020000201101101000011020001000010220000001000100001002211101210120001100010110100210121010200020111000010000101000210111112200010200001000000121212101110011101010002010000
110000000000000000110101100110111211010110111000001001010011001120011201102010102010001101110001010011110000001011100000010001110011101000011110010001001001000000101000100010000110110000010000001000002010020000002100000101110100000201000000010121001011010000000001011000101101101000011010101110010120000000000101101001111101110110001110011100100110111010210010111100110010101001110111111100110100000000000111101001110011101000001110000
000000000000000000000000000000000200001000000000000000000000000020000200002000002000000000000000000000000000000000000000000000000000000000000000000000100000000000000000000000000000001000000010000010002000020000002000000000000000000200000000000020000000000000000000000000000000000000000000000000000020000000000000000000000010000000000000000000010000000000100000000000000000000000000000000000000000000000000000000000001000000000000000000
220001202002202000220212202220222222020220222221002002020022002220022202202020202010002101110001020011120100001011200000020002120011201000022120010001002011000000102100200020100110120000020000001000002020020000002200000212220200000202000000020222002022020000000202012000102202202000022010202220020120000002000202202001122202120210002220022220200120212020220010222200220020201001120222221100220100000000000212201002220022202020001220000
000001000000000000000010000000000100000000000001000000000000000020000200002000002010000101110001000011100100001011000000000000100011001000000100010001000011000000100100000000100110110000011000001000002010020000002100000111110100000201000000010121001011010000000000011000100000000000000010100110000120000000000001100001100000100010000010001000000100010000210010000100100010001000100000001100100100000000000010101000000000000000001100000
220002202002202000220222202220222222020220222222002002020022002220022202202020202020002202220002020022220200002022200000020002220022202000022220020002002022000000202200200020200220220000020000002000002020020000002200000222220200000202000000020222002022020000000202022000202202202000022020202220020220000002000202202002222202220220002220022220200220222020220020222200220020202002220222222200220200000000000222202002220022202020002220000
110001000000000000010111100010101201010110101001001001010011001020011200102000002000001000000000010000010100000000100000010001010000100000011010000000001010000000001100000000100000000000000000000000002000020000002000000000000000000200000000000020000000000000000100010000100000000000000000000000000020000001000000000000000000000000000000000010000000000000200000000000000000000000000000000000000000000000000000100000000000000010000000000
000001000000000000000010000000000200000000000001000000000000000020000200002000002010000101110001000011100100001011000000000000100011001000000100010001000011000100100100000000100110100000000000011000002000020000002000000000000000000200000000000020000000000000000000000000000000000000000000000000000020000000000000000000000000000000000000000000000000000000200000000000000000000000000000000000000000000000000000000000000000000000000000000
000000000000000000000000000000000200000000000000000000000000000020000200002000002000000000000000000000000000000000000000000000000000000000000000000000000100000100000000000000000001000000000000010000002001020000002000000010000000001200000000000020000100000000000100100000000000000000000000000000000020000001000000000000000000001000000000000010000000000000200000000000000100000000000000000000000001000000000000100000000100010110010000110
000000000000000000000000000000000200000000000000000000000000000020000200002000002000000000000000000000000000000000000000000000000000000000000000000000000000000000000000000000000000000000000000000000002000020000002000000000000000000200000000000020000000000000000101000000001101101000011000001000010020000001000100001000011101010100001100010110100010101010200000111000010000100000010111110000010000000000000101100001110011101010000010000
110001101001101000110111101110111211010110111111001001010011001120011201102010102010001101110001010011110100001011100000010001110011101000011110010001001011000000101100100010100110110000010000001000002010020000002100000111110100000201000000010121001011010000000201021000201101101000011010101110010120000002000101101001111101110110001110011120100110111010210010111100110010101001110111112100110100000000000111201001110011101010002110000
110001101001101000110111101110111211010110111111001001010011001120011201102010102010001101110001010011110100001011100000010001110011101000011110010001001011000000101100100010100110110000010000001000002010020000002100000111110100000201000000010121001011010000000101011000101101101000011010101110010120000001000101101001111101110110001110011110100110111010210010111100110010101001110111111100110100000000000111101001110011101010001110000
000000000000000000000000000000000100000000000000000000000000000020000200002000002000000000000000000000000000000000000000000000000000000000000000000000100000000100000000000000000000001000000000000011002000020000002000000000000000000200000000000020000000000000000000000010000000000000000000000000000020000000000000000000000010000000100000000000010000000000100000000000000000000000000000000000000000000000000000000000001000000000000000000
110000101000000000110101101110111211010110111110001001010011001120011201102010102000001000000000010000010000000000100000010001010000100000011010000000001000000000001000100010000000010000010000000001002020020000002100000222220200000202000000020222002022020000000202022000202202202000022020202220020220000002000202202002222202220220002220022220200220222020220020222200220020202000220222222200220200000000000222202002220022202020002120000
