010000000022000000202202200000022000002220222222202222222220222222222222222220022222012220002222202220102220222222222120222221222222202002002220020220221222222020022222222222222222020222202022020222222202222222202222200002011022202000000202222222222002201201201000201120
000000000022000000202202200000022000002220222222202222222220222222222222222220022222002220002222202220002220122222222020222220222222202002002220020220220222222020022222222222222222020222202022020222222202212222202222200002011011102000000202222222222002101101011000001110
010000000022000000202202200000122100002220222222202222222220222222222222222220022222012220002222202220102220222222222120222221222222212102002222020220222222222020022222222222222222020222202022021222222202222222202222200002011122202000000202222222222102201101111000201110
000000010022000000202202202000222200022220222222202222222220222222222222222220022222002220002222202221002220122222222020222220222222222202002220020220221222222020022222222222222222020222202022020222222202212222202222200002022022202000000202222222222102101102111000102200
101111101112000000201202200000022000002220222222202222222220222222222222222220022222002220002222202220002220121222222020222220222222212112002220020220221222222020022222222222222222020222202022020222222202212222202222200002011022202000000202222222222102101101011000001110
111111101111110000101101200000011000002220222222202222222220222222222222222220022222012220002222202220102221121222222120222221222222212112102221020220220222221020022222222222222222020222202022020222222202212222202222200002011011102000000202222222222102101102121000202210
010000000022000000201202201020122100012220222222202222222220222222222222222220022222002220002222202220002220222222222020222221222222222202002221020220220222232020022222222222222222020222202022020222222202222222202222200002011122202000010202222222222202201101111000111110
010000010022000000202202212000222200022220222222202222222220222222222222222220022222012220002222202221102220222222222120222220222222212102002220020220221222222020022222222222222222021222202022021222222202222222202222200002011022202000000202222222222002201001121000101100
101111111111110000101101100000011010001110111112102111222220221222222222222120022111001210101211101210002211111111111010221120111121101001001110110110221222221020122222222222222222020222202022120222222202212222202222200112011011102010000111211111111002201101111000001110
000000010022000001202202202000222200022220222222202222222220222222222222222220122222012220012222202220102220122222222120222221222222222202002220020220220222222020022222222222222222020222212022020222222202212222202222200002011122202000000202222222222202101101111000201110
101111101112000000202202201000122100012220222222202222222220222222222222222220022222002220002222202220002220022222222020222220222222212102002220020220220222212010011111111111111112020111101011010111111201101112101111200001011011102000000202122222222102000002022000102200
101111101112000000202202211000022000012220222222202222222220222222222222222220022222002220002222202221002220122222222020222220222222202002002220020220221222212010011111111111111112021111101111010111111201111112101111200111122011102000000202122222222002101111111000001100
000000000022000000201202201000122100012220222222202222222220222222222222222220022222002220002222202220002220022222222020222220222222202002002120020220220222221020022222222222222222020222202022020222222202202222202222200002011011102000000202222222222002102200000000100020
000000000022000000202202200000022000002220222222202222222220222222222222222220022222002220002222202220002220122222222020222220222222202002002220020220221222222020022222222222222222020222202022020222222202202222202222200002022011102000000202222222222002000002022000002200
010000000022000000201202201010122100012220222222202222222220222222222222222220022222012220002222202220102220122222222120222221222222212102002120020220220222221020022222222222222222020222202022020222222202212222202222200002022111102000000202222222222102201100111000100010
101111000022000000202202200000022000002220222222202222222220222222222222222220022222002220002222202220002220222222222020222220222222212102002220020220220222222020022222222222222222020222202022020222222202222222202222200002022022202000000202222222222102201101111000101110
000000010022000000202202201000122100012220222222202222222220222222222222222220022222002220002222202220002220021222222020222220222222202002002220020220220222222020022222222222222222020222202022020222222202202222202222200002022011102000000202222222222002000002022001002200
101111100022110000201202200000022000002220222222202222222220222222222222222220022222002220002222202220002220122222222020222220222222212112002220020220220222222020022222222222222222020222202022020222222202212222202222200002022022202000010202222222222102101102011000102210
010000000022000000202202201000222200012220222222202222222220222222222222222220022222002220002222202220002220122222222020222220222222212102002220020220220222222020022222222222222222021222202022020222222202212222202222200002022022202000000202222222222102100002022000002200
101111101012000000202202201000122100012220222222202222222220222222222222222220022222012220002222202220102220222222222120222221222222212102102220020220221222222020022222222222222222020222202022020222222202222222202222200002011122202000000202222222222102201101121000101110
000000010022000000201202201000122100012220222222202222222220222222222222222220122222002220002222202221002220122222222020222221222222212102002120020220221222221020022222222222222222020222202022020222222202212222202222200002000122202000000202222222222102200001022000001100
101111100022000000202202200000022000002220222222202222222220222222222222222220022222012220002222202220102220222222222120222221222222202002002220020220220222222020022222222222222222020222202022020222222202222222202222200002000022202000000202222222222002201101221000101110
000000001111110000000101100000000000102210222212111122112210221111111111111111011111101111101111111110012211112111111011221120111121101001001210110110220222212020122222222222222222020222202022120222222102202222202222200112011011102010000111211111111102100002022000002200
000000100022000000202202200000022000002220222222202222222220222222222222222220022222002220002222202220002220222222222020222220222222202002002120020220221222222020022222222222222222020222202022020222222202222222202222200002011022202000000202222222222002200001022000001100
010000000022000000202202201000122100012220222222202222222220222222222222222220022222002220002222202220002220222222222020222221222222212102002220020220222222222020022222222222222222020222202022020222222202222222202222200002000122202000000202222222222102201101211000201110
010000010022000000201202202020222200022220222222202222222220222222222222222220022222012220002222202220102220122222222120222220222222222202002120020220221222221020022222222222222222021222202022020222222202212222202222200002011122202000010202222222222202202200100000100020
101111101111110000201101201000122100012220222222202222222220222222222222222220022222002220002222202220002220021222222020222220222222222202002220020220220222211020122222222222222222020222202022120222222102202222202222200002022011102010000111211111111202101102001000102210
000000200121110000101101200000011000002220222222202222222220222222222222222220022222002220002222202220002220221222222020222220222222202012002220020220220222221020022222222222222222020222202022020222222202222222202222200002000011102000000202222222222002202201100000101120
000000000022000000202202201000122100012220222222202222222220222222222222222220022222002220002222202220002220222222222020222221222222212102002220020220220222222020022222222222222222020222202022020222222202222222202222200002000022202000000202222222222202202201100000201120
000000100022000000202202200000122100002220222222202222222220222222222222222220022222002220002222202220002220122222222020222220222222212102102220020220221222222020022222222222222222020222202022020222222202212222202222200002011011102000000202222222222002102102020000002210
000000010022000000202202201000122100012220222222202222222220222222222222222220022222002220002222202220001120021222222020112211222212202002002220020220120221121020022222222222222212020222202022020222222202202222202222200002000000001000000202222222222002001100021000000000
111111001111110000201101201000122100012220222222202222222220222222222222222220122222012220002222202220102220122222222120222221222222222202102220020220221222222020022222222222222222020222202022020222222202212222202222200002022122202000000202222222222202201101111000101110
000000010022000000202202201000122100012220222222202222222220222222222222222220022222002220002222202220001120021222222020122211222212212102002220020220221222212010011111111111111112020111101011010111111201101112101111200001000122202000000202122222222102000001022000001100
020000000022000000202202200000022000002220222222202222222220222222222222222220022222022220002222202220202220222222222220222221222222202002002220020220222222222020022222222222222222020222202022020222222202222222202222200002011022202000000202222222222002202101210000201110
000000100021110000102101200000011000002220222222202222222220222222222222222220022222002220002222202220001120121222222020112210222212202002002220020221120221111010011111111111111112020111101111010111111201111112101111200001100000011000000202122222222002101101111000101110
111111101111110000102101101010111111111110111112111111112210221111111111111111011111111111101111111110111111111111111111111111111111111111001110110110121221121010011111111111111112020111101111010111111201111112101111200112000111101000000202122222222102101101111001101110
000000020022000000202202202000222200022220222222202222222220222222222222222220022222002220002222202220002220022222222020222220222222222202002020020221220222222020022222222222222222020222202022020222222202202222202222200002011011102001101202222222222002000000022000000000
000000000022000000202202201000122100012220222222202222222220222222222222222220022222002220002222202221002220221222222020222220222222212112002120020220221222222020022222222222222222020222202022020222222202222222202222200002011022202000010202222222222102202101110000201110
000000000022000000201202200000022000002220222222202222222220222222222222222220022222002220002222202220002220122222222020222220222222202002002120020220221222221020022222222222222222020222202022020222222202212222202222200112011011102000000202222222222002202200000000000020
000000010022000000202202202000222200022220222222202222222220222222222222222220022222002220002222202220002220222222222020222220222222202002002220020220220222222020022222222222222222020222202022020222222202222222202222200002000022202000000202222222222002201000121000100000
101111000022000000201202200000022000002220222222202122222220222222222222222220022222002220002222202220001121022222222020112210222212212102002220120220120221111010011111111111111112020111101111010111111201101112101111200111122011112000000202122222222102102200000000200020
202222101112000000201202200000022000002220222222202222222220222222222222222220022222002220002222202221002220022222222020222220222222212102002221020220220222222020022222222222222222020222202022020222222202202222202222200002022022202000000202222222222102101101011000101110
000000000022000000202202201000122100012220222222202222222220222222222222222220022222002220002222202220002220222222222020222220222222212102002220020220220222222020022222222222222222020222202022020222222202222222202222200002011022202000000202222222222102201101111000101110
101111101111110000101101101000011010112210222212111322112210221111111111111111011111101111101111111110012210011111111011221121111121101011001210010110220222221020022222222222222222020222202022020222222202202222202222200002111022202000000202222222222102102101110000111110
000000000022000000202202201000122100012220222222202222222220222222222222222220022222002220002222202220002220222222222020222220222222212102102220020220221222222020022222222222222222020222202022020222222202222222202222200002022011102000010202222222222102202201210000201120
000000000022000000202202200000022000002220222222202222222220222222222222222220022222002220002222202221002220222222222020222221222222212102002120020221221222212010011111111111111112021111101111010111111201121112101111200002100011102001101202122222222102200001122000101100
101111100122000000202202201000122100012220222222202222222220222222222222222220022222002220002222202220002220022222222020222220222222202002002120020220220222212010011111111111111112020111101111010111111201101112101111200001000011102000000202122222222002001101111000101110
000000000022000000201202201000122100012220222222202222222220222222222222222220022222002220002222202220002220022222222020222221222222212202002220020220220222222020022222222222222222021222202022020222222202202222202222200002022022202000000202222222222102202101110000101110
000000000022000000202202201000122100012220222222202222222220222222222222222220022222002220002222202220002220222222222020222220222222212002102220020220222222222020022222222222222222020222202022020222222202222222202222200002000022202000010202222222222102202200210000200020
000000000022000000202202201000122100012220222222202222222220222222222222222220022222012220002222202220102220222222222120222221222222212102002221020220221222222020022222222222222222020222202022020222222202222222202222200002011122202000000202222222222102202102121000202210
000000100022000000201202200000022001002220222222202222222220222222222222222220022222002220002222202220002220022222222020222220222222202002002220020220220222222020022222222222222222020222202022020222222202202222202222200002011022202000000202222222222002000002022000002200
010000000022000000202202200000022000002220222222202222222220222222222222222220022222022220002222202220202220222222222220222220222222202002002220020220220222222020022222222222222222020222202022020222222202222222202222200002000022202000000202222222222002202200200000100020
000000000022000000202202201000122100012220222222202222222220222222222222222220022222002220002222202220002220122222222020212220222222212102002220020220121222212010011111111111111112020111101111010111111201111112101111200111022011102000000202122222222002100001122001001100
101111101112110000200202200010022000002220222222202222222220222222222222222220022222002220002222202220002220122222222020222220222222202002002120020220220222221020022222222222222222020222202022020222222202212222202222200002011022202000000202222222222002201101011000001110
000000000021110000100101100000011000001120111122101111112210222111111111111210011222002120102122202120002221021222222020222220222222212102001210110110220222221020022222222222222222020222202022020222222202202222202222200002011011102000000202222222222102102201100001201120
101111201111000000201202100000022010101110111112111111112210221111111111111111011111101111101111111110011110111111111011111110111111101011001210110110120221111010111111111111111112020111101111110111111101111112101111100112022011111010000111111111111002100000022000000000
202222212201110000101101201010111100012220222222202222222220222222222222222220022222002220002222202220001121020222222020112210222212202012001110010110020220021020022222222222222222020222202022020222222202202222202222200002000011101001101202222222222202001101011000011110
000000101111110000101101100000011000101110111112111111112210221111111111111111011111101111101111111110011110111111111011111110111111101001002220020220121221111010011111111111111112020111101111010111111101111112101111100111022011111000000111111111111002100002122001102200
000000010022000000201202202010222200022220222222202222222220222222222222222220022222002220002222202220002220122222222020222221222222222202002220020220220222222020022222222222222222020222202022020222222202212222202222200002011022202000000202222222222202202200100000100020
000000100122000000201202201010122100012220222222202222222220222222222222222220022222002220002222202220002220121222222020222220222222212102002120020220220222221020022222222222222222020222202022020222222202212222202222200002022011102000000202222222222002202200100000200020
000000000022000000202202201000222200012220222222202222222220222222222222222220022222012220002222202220102220122222222120222220222222212102002220020220220222222020022222222222222222020222202022020222222202212222202222200002011022202000000202222222222102101101111000101100
101111101111000000101101212000211200022220222222202222222220222222222222222220022222002220002222202222002220122222222020222220222222222202002221020220221222211010011111111111111112021111101111010111111201111112101111200002022011102000000202122222222202100012022000002200
111111101111110000101101100000011000001110111112101111112210221111111111111110011111011110101111101110101110111111111110111110111111101011002221020220121221111010011111111111111112020111101111011111111201111112101111200111100011101000000202122222222002101000121000100010
000000000022000000202202201000122100012220222222202222222220222222222222222220022222002220002222202220002220122222222020222220222222212102002120020220220222222020022222222222222222020222202022020222222202212222202222200002011022202000010202222222222102201101111000101110
101111201111110000101101200000011000002220222222202122222220222222222222222220022222002220002222202220002221022222222020222220222222202002001210110110220222222020022222222222222222020222202022020222222202202222202222200002022011102000000202222222222002101102011000102210
101111101111110000101101201000111100012220222222202222222220222222222222222220022222002220002222202220002220121222222020222220222222202002002120020220121221111010011111111111111112020111101111010111111201101112101111200001111000001000000202122222222002000002022000002200
000000000022110000201102200000022000002220222222202222222220222222222222222220022222002220002222202220002220021222222020222220222222202012002220020220220222222020022222222222222222020222202022020222222202202222202222200002000022202000000202222222222102101101111000101110
101111101112000000201202200000122100002220222222202222222220222222222222222220022222002220002222202220002220122222222020222220222222202002102220020220221221111010011111111111111112020111101111010111111201111112101111200001022011102000000202122222222002101101121000101110
000000000022000001201202200010022000002220222222202222222220222222222222222220122222012220012222202220102220122222222120222221222222202002002220020220221222232020022222222222222222020222212022020222222202212222202222200002000122202000000202222222222102202200100000210020
101111101012000000201202201000122101012220222222202222222220222222222222222220022222012220002222202220102220122222222120222220222222212112002220020220220222222020022222222222222222020222202022020222222202212222202222200002022022202000000202222222222102202201100000101120
000000000022000000202202200000022000002220222222202222222220222222222222222220022222002220002222202220001120222222222020112210222212202002002220020220120221112010011111111111111112020111101111010111111201121112101111200001122000011001101202122222222002101101111000101110
000000000022000000201202200000022000002220222222202222222220222222222222222220022222012220002222202220102220122222222120222220222222202002002120020220220222221020022222222222222222020222202022020222222202212222202222200002011022202000000202222222222102201100011000000010
000000000022000000200202201010122100012220222222202222222220222222222222222220022222002220002222202220002220022222222020222220222222222202002220020220220222222020022222222222222222020222202022020222222202202222202222200002022022202000000202222222222202201101111000101110
010000000021110000101101201000111100012220222222202222222220222222222222222220022222012220002222202220102220121222222120222221222222212112002221020220221222221020022222222222222222020222202022021222222202212222202222200002022111102000000202222222222002100002122000102200
202222202200220000000000100100000010101110111112111111112210221111111111111111011111101111101111111110011111011111111011111110111111101011001210110110120221111010111111111111111112020111101111110111111101101112101111100111022011111010000111111111111002100002022000002200
101111101111110000101101100000011011101110111112111111112210221111111111111111011111101111101111111110011111111111111011111110111111101011001210110110121221111010211111111111111112220111101111210111111021111112101111100112122011111020010020100000000002101102111100102210
000000020022000000201202202000222200022220222222202222222220222222222222222220022222002220002222202220002220022222222020222220222222222202002120020220220222231020022222222222222222020222202022020222222202202222202222200002011022202000000202222222222202201101011000011110
101111101112000001202202201000122100012220222222202222222220222222222222222220122222002220012222202220002220222222222020222221222222212102002220020220220222222020022222222222222222020222212022020222222202222222202222200002000011102000000202222222222102201102111000102210
202222102202000000200202201010122100012220222222202222222220222222222222222220122222002220012222202220002220022222222020222221222222212102002220020220220222222020022222222222222222020222212022020222222202202222202222200002022000002000000202222222222202100002022000002210
101111101111110000101101100000011010101110111112212111222220221222222222222121022111101211101211111210012211111111111011221120111121101001001211110110220222222020022222222222222222020222202022020222222202212222202222200002011000002000000202222222222102101102011000102210
101111100022000000201202201000122100012220222222202222222220222222222222222220022222012220002222202220102220121222222120222221222222202002002120020220220222221020022222222222222222020222202022020222222202212222202222200002000011102000000202222222222102202200010000100020
000000202201110000101101200000011010002220222222202322222220222222222222222220022222002220002222202220002221022222222020222220222222202002002220020220220222222020022222222222222222020222202022020222222202202222202222200002022022202000000202222222222202100002022000002200
010000000022000000202202201000122100012220222222202222222220222222222222222220022222012220002222202220102220222222222120222220222222202002002120020220221222222020022222222222222222020222202022020222222202222222202222200002011022202000000202222222222002202200200000100020
101111001012000000202202200010122100002220222222202222222220222222222222222220022222002220002222202220002220222222222020222220222222212102002220020220221222222020022222222222222222021222202022020222222202222222202222200002000022202000000202222222222202202200200000200020
000000010022000000202202201000222200012220222222202222222220222222222222222220022222002220002222202220002220222222222020222220222222212102002120020220220222222020022222222222222222020222202022020222222202222222202222200002011022202000000202222222222202201101011000001110
000000000022000000201202201000122100012220222222202222222220222222222222222220022222002220002222202220002220122222222020222220222222212102102221020220221222222020022222222222222222020222202022020222222202212222202222200002022122202000000202222222222102100002022001002200
000000000022000000200202200000022010002220222222202322222220222222222222222220022222002220002222202220002220020222222020222220222222202012002120020220220222221020122222222222222222020222202022120222222102202222202222200112022000002010010111211111111002202200200000200020
101111101111000000102202200000011000002220222222202222222220222222222222222220022222002220002222202220002220121222222020222220222222202002002220020220220222232020022222222222222222020222202022020222222202212222202222200002000022202000000202222222222102101101111000111110
000000010022000000202202202000222200022220222222202222222220222222222222222220022222002220002222202220002220121222222020222221222222212102102221020220221222222020022222222222222222020222202022020222222202212222202222200002011111102000000202222222222102100001022000001100
010000000022000001202202201000122100012220222222202222222220222222222222222220122222012220012222202220102220222222222120222221222222212102102220020220222222222020022222222222222222020222212022021222222202222222202222200002000122202000010202222222222102202200210000200020
101111101111110000100101200000011011002220222222202222222220222222222222222220022111001210001212101210002210012111111010222120111221102001002210020220220222222020022222222222222222020222202022020222222202202222202222100002011022202000000202222222222102101102011000102210
010000000022000000202202201000122100012220222222202222222220222222222222222220122222002220012222202220002220122222222020222220222222212102002220020220221222222020022222222222222222020222212022020222222202212222202222200002022122202000010202222222222102202200200000100020
000000010022000000202202201000122100012220222222202222222220222222222222222220022222002220002222202220001120122222222020122210222212202002002120020220220222222020022222222222222222020222202022020222222202212222202222200002000011102000000202222222222002100100022000000000
202222202201220000100101200000011001002220222222101222112210222111111111111210011222002120002122202120002220120222222020222220222222202022002220020220220222221020022222222222222222020222202022020222222202212222202222200002011011101000000202222222222102101200001000000020
202222202201110000101101100000011010101110111112111111112210221111111111111111011111101111101111111110011111111111111011111110111111101011001210110110120221121020022222222222222222020222202022020222222202212222202222200002011011101000000202222222222102101100111000110010
101111101111110000101101100000111110101110111112111111112210221111111111111111011111101111101111111110011111010111111011111110111111111101001210110110120221111010111111111111111112020111101111110111111101101112101111100112122011111010000111111111111102101101011000001110
010000000022000000202202200000022000002220222222202222222220222222222222222220022222012220002222202221102220222222222120222220222222202002002220020220222222222020022222222222222222021222202022020222222202222222202222200112000022202000010202222222222102201101111100101110
000000110022000000202202201000122100012220222222202222222220222222222222222220122222002220012222202220002220122222222020222221222222212102002220020220220222222020022222222222222222020222212022020222222202212222202222200002000122202000000202222222222102100001022000001100
000000000022000000202202201000222200012220222222202222222220222222222222222220022222002220002222202220002220222222222020222220222222202002002220020221220222222020022222222222222222020222202022020222222202222222202222200002000022202000000202222222222102202200100000100020
010000100022000000202202200000022000002220222222202222222220222222222222222220022222012220002222202220102220122222222120222220222222202002002220020220221222222020022222222222222222020222202022020222222202212222202222200002011011102000000202222222222002101001121000101100
