45
70
140
179
439
172
279
463
196
201
209
476
490
1
415
88
237
462
290
65
98
136
19
422
382
232
263
348
214
24
476
149
65
314
216
54
300
361
104
364
140
3
20
290
83
212
170
142
327
111
61
323
292
463
299
197
163
315
364
227
211
141
141
241
191
396
290
18
220
80
82
372
21
258
203
51
382
148
485
412
358
214
361
226
232
232
460
227
362
481
232
203
24
139
232
20
315
299
110
421
209
162
145
397
299
338
129
140
209
26
431
240
421
82
460
361
248
69
383
214
248
246
361
209
332
19
53
361
166
125
140
301
139
267
426
442
305
442
463
29
358
256
209
439
248
361
320
68
314
279
158
117
158
343
95
30
6
167
13
106
378
182
20
197
226
106
248
291
4
140
87
166
315
169
137
17
62
95
209
203
396
81
167
158
484
479
23
29
246
17
442
346
240
292
93
140
310
172
280
209
226
65
6
170
310
280
477
194
161
30
197
228
65
29
20
208
310
240
315
3
314
232
361
431
48
196
500
29
299
94
35
179
44
361
149
343
290
125
6
34
326
209
307
232
179
249
4
410
209
140
258
383
140
166
314
319
421
271
299
348
172
203
26
179
87
21
87
335
162
314
23
310
310
2
220
169
140
360
202
310
21
242
167
179
125
183
288
256
1
483
65
388
65
95
203
21
68
209
166
462
318
167
41
209
91
141
40
80
402
185
239
9
476
396
209
65
240
234
197
65
3
36
270
428
428
439
176
248
47
331
439
421
65
104
382
203
472
299
328
88
370
319
315
216
315
3
458
184
158
197
343
51
70
129
129
290
183
473
232
32
65
371
338
214
279
292
21
209
65
93
314
59
490
228
314
176
172
340
382
143
135
172
372
184
82
24
378
476
361
431
65
315
176
299
125
316
473
167
140
23
15
460
338
315
437
202
218
378
264
212
338
340
87
319
196
204
209
267
421
378
318
29
427
87
232
397
47
320
93
148
209
397
232
319
318
214
160
6
258
315
335
65
209
59
361
300
338
209
315
145
179
41
245
149
242
129
16
241
256
47
258
226
291
51
4
445
140
463
89
240
232
397
59
158
70
240
65
326
209
179
248
107
16
129
227
203
460
327
314
460
383
431
302
290
267
308
404
93
240
232
